0,1,None
1,1,-58.73125822689246
2,1,-26.743283694330337
3,1,-12.782721203091278
4,1,-39.440567112326946
5,1,-42.07630788396342
6,1,-14.444181600842255
6,2,None
7,1,-34.789127349398946
7,2,-36.94708638237027
8,1,-16.64974597569009
8,2,4.342338247745175
9,1,-37.43907547016368
9,2,-10.051808485936867
10,1,2.952726336740596
10,2,1.8880194347466268
11,1,2.870679284174574
11,2,-2.0180698676871596
12,1,3.184655810363375
12,2,-1.6263212654821915
13,1,6.402173490246798
13,2,57.287689696818205
14,1,6.099771054319249
14,2,-7.9384406317879534
15,1,6.489966255816957
15,2,-38.3218389808422
16,1,8.053361709346724
16,2,-36.74243533029191
17,1,9.089925277957192
17,2,-37.492962973202424
18,1,7.400855820492181
18,2,-37.044624076527434
19,1,7.722754767216599
19,2,-38.04821406105672
20,1,11.930041798409736
20,2,-13.94673920429723
21,1,15.841223548768701
21,2,-3.7417231744409456
22,1,11.341964121932335
22,2,-3.323493894345705
23,1,14.56603515362477
23,2,-34.56563211110505
24,1,11.869952221581542
24,2,2.242526145381971
25,1,10.27380769514604
25,2,3.5545399657041634
26,1,7.32143398549139
26,2,-32.11766354117949
27,1,11.203576901148551
27,2,-35.809265077116834
28,1,9.96922910072998
28,2,2.262902508892937
29,1,10.077186270066811
29,2,-34.53303553715799
30,1,8.176232086125871
30,2,2.9645322594351997
31,1,8.176232086125871
31,2,6.377937562393533
32,1,9.227499022963185
32,2,6.914156256931983
33,1,7.13971542614699
33,2,7.171999473476764
34,1,9.846057649512476
34,2,8.284364560210538
35,1,6.987043664299045
35,2,8.351613641777021
36,1,7.019724600678898
36,2,11.169762099697778
37,1,8.205929156427121
37,2,11.418945486770408
38,1,7.30566130991036
38,2,12.31289591226784
39,1,10.912712585111676
39,2,6.9055614120526885
40,1,8.048847487266212
40,2,10.899682936097092
41,1,11.339782891553837
41,2,7.41103377642853
42,1,8.50184770374686
42,2,8.381801233422424
43,1,11.839073686902086
43,2,13.673093955808882
44,1,10.523409579744166
44,2,9.881166258449351
44,3,None
45,1,11.014719244992467
45,2,23.02107225058239
45,3,8.906007995944146
46,1,21.951981036401392
46,2,14.304973075585947
46,3,6.967237921944349
47,1,8.600678738774777
47,2,8.600346929043011
47,3,7.182567558986176
48,1,10.574547051992926
48,2,9.25691049071359
48,3,6.36418771139508
49,1,10.422032637777566
49,2,8.672731851906125
49,3,7.379014151154933
50,1,9.364679791354659
50,2,9.623397870950392
50,3,11.988203108831053
51,1,8.41344057544172
51,2,12.017082244041172
51,3,10.933751660762315
52,1,10.807381696220776
52,2,11.41428590200719
52,3,6.928671035849348
53,1,11.519515505192714
53,2,11.060400319915558
53,3,6.9534550826636

Species 2 with 36 members is stagnated: removing it
54,1,13.419609513191757
54,3,13.287296063915797
55,1,14.350914774708688
55,3,20.885920198656073
56,1,10.707878235156263
56,3,14.719027020766243
57,1,20.357171873681576
57,3,10.631094952626729
58,1,16.67041224632085
58,3,10.501290730745973
59,1,7.498055012474716
59,3,12.712828497823281
60,1,20.03944059262978
60,3,11.887547835817685
61,1,23.942035261198004
61,3,12.40942767866158
62,1,22.889256717987127
62,3,11.22613684771601
63,1,20.56448830317923
63,3,10.99349087759351
64,1,19.945675943873855
64,3,18.846939220857028
65,1,16.544747371329176
65,3,9.694594788703514
66,1,30.361329448561932
66,3,11.318121725460573
67,1,16.90977477783349
67,3,10.913378775062549
68,1,19.094448922945936
68,3,12.492802973345324
69,1,23.90551259997502
69,3,11.869982643386045
70,1,17.103583706575165
70,3,16.397919631505662
71,1,18.201473956083657
71,3,13.555657507183229
72,1,14.504478834392728
72,3,13.208989833487104
73,1,12.54940663810561
73,3,13.989776871337185
74,1,17.784780675163052
74,3,14.065462217493948
75,1,9.404524503853503
75,3,13.100272590054777
76,1,9.844083733214472
76,3,11.148518461264915
77,1,13.204149874359093
77,3,8.279675041709538
78,1,23.61048805094902
78,3,8.442571969141753
79,1,13.333575815787805
79,3,9.654050350406564
80,1,11.293271209291724
80,3,10.180969482808656
81,1,11.763814178998505
81,3,7.338047820351366
82,1,12.83486551779524
82,3,9.561511839500113
83,1,11.896729650611938
83,3,7.25650758732591
84,1,12.222965986986715
84,3,7.348584910342423
85,1,12.055356909861613
85,3,7.346754196946139
86,1,14.508606251014074
86,3,7.308143518808256
87,1,17.526080854865334
87,3,7.585446820601366
88,1,12.533192505575986
88,3,7.298361009323752
89,1,13.447344642352578
89,3,7.387974878126515
90,1,12.545080682806947
90,3,7.402087980207718
91,1,15.15236455116884
91,3,7.133773956301988
92,1,14.11919327144745
92,3,7.403802623253545
93,1,13.989202554882365
93,3,7.343666616567308
94,1,14.73433643381951
94,3,7.342361316331619
95,1,14.883578361583055
95,3,7.267288248308332
96,1,15.166581453461239
96,3,7.515181115349626
97,1,15.561520096699589
97,3,7.3140876865126945
98,1,15.014904559843893
98,3,7.195440512442152
99,1,13.99071740840516
99,3,4.76645502553848
100,1,15.300546014772408
100,3,8.99804748124611
101,1,15.380769805708688
101,3,7.341177758331919
102,1,15.669232434979262
102,3,7.752525285352888
103,1,15.152743024492775
103,3,7.309376360402028
104,1,15.850625723928689
104,3,7.408895655700448
105,1,15.324210541297012
105,3,7.461307744462458
106,1,15.3222366939305
106,3,7.333922888214461
107,1,13.240281681805925
107,3,7.410644155662324
108,1,15.603463878609357
108,3,7.361335052003242
109,1,22.76450885647757
109,3,7.429288868339525
110,1,10.561280631798763
110,3,7.385671075621935
111,1,13.453228790593805
111,3,7.348949798071417
112,1,13.316934332137286
112,3,7.381909236385001
113,1,11.43975231219718
113,3,7.464527903477171
114,1,14.73266714481435
114,3,7.423161012856201
115,1,13.904238181132236
115,3,7.48941337267132
116,1,16.832474292141328
116,3,8.332675395514853
117,1,12.11468138441974
117,3,10.94930685089735
118,1,8.65238250833806
118,3,10.539211591569213
119,1,10.341918623404307
119,3,10.504907022199674
120,1,10.6283441099262
120,3,9.882706139231901
121,1,10.215374991794263
121,3,8.873915590790379
122,1,10.552737626434638
122,3,8.624277986437997
123,1,11.757795638896418
123,3,8.987845473718393
124,1,15.961205929065246
124,3,8.51834470097875
125,1,14.312131870824338
125,3,9.486530827112038
126,1,15.276562645931216
126,3,8.63025203872667
127,1,14.701074681818255
127,3,8.690081583794854
128,1,14.99074824078191
128,3,10.251079304330961
129,1,15.026471322054423
129,3,8.616879571236279
130,1,14.99525400820646
130,3,10.41742968960928
131,1,14.547614813819875
131,3,9.797656661068364
132,1,14.7103866532415
132,3,9.495368107401028
133,1,15.10924780545055
133,3,9.797656661068364
134,1,15.399808868434906
134,3,9.35385665373592
135,1,14.825467703117784
135,3,8.698880194814587
136,1,14.38664322357464
136,3,9.049566455156382
137,1,15.719125631942347
137,3,8.680608751510707
138,1,15.06265230198691
138,3,9.332959205537284
139,1,14.924288109808336
139,3,8.925928542986775
140,1,14.986824019073888
140,3,8.744239043279116
141,1,16.455954282712888
141,3,10.822430920949918
142,1,15.015896040761149
142,3,7.159301434725422
143,1,14.395600292805835
143,3,7.202121948071981
144,1,14.462808352506784
144,3,7.189070345460516
145,1,15.36472140196378
145,3,7.31277503116039
146,1,14.680584115195966
146,3,7.849093738666228
147,1,14.85231672753197
147,3,9.298027058041619
148,1,15.066560109336283
148,3,10.328482013598956
149,1,14.864437765202732
149,3,10.045377434127946
150,1,15.063837751600623
150,3,10.252855404652493
151,1,23.44381958254612
151,3,12.086156654526974
152,1,25.428481208223634
152,3,11.682756600648842
153,1,65.86814361055742
153,3,12.208949100476007
154,1,27.348165201752572
154,3,12.634850950925141
155,1,32.64803843156952
155,3,12.664896582617484
156,1,33.12171403576014
156,3,12.6991313190592
157,1,25.956904528286422
157,3,12.518530779591439
158,1,31.659277077335418
158,3,12.8173352445984
159,1,44.00645782110905
159,3,12.486578498564453
160,1,40.63139615029922
160,3,12.384932068083666
161,1,61.65105156513528
161,3,12.50471836386969
162,1,53.75372652772322
162,3,12.204097100370216
163,1,73.28998442064227
163,3,12.133085077629502
164,1,64.63340553545126
164,3,12.181199733378637
165,1,47.39072406963471
165,3,12.2380146822737
166,1,54.843252674445694
166,3,13.653119342123649
167,1,49.54970005739495
167,3,13.402722590775252
168,1,114.11947385236789
168,3,12.829157613085608
169,1,36.073876078318904
169,3,13.187566095398859
170,1,34.56010338107111
170,3,14.384772588480137
171,1,47.08342636588213
171,3,13.463027897058419
172,1,44.21995510677149
172,3,22.41979517939824
173,1,42.11480821621909
173,3,24.532638610421046
174,1,43.68496788580391
174,3,27.114682825607826
175,1,40.304546899867574
175,3,13.074944056734168
176,1,46.96733785988614
176,3,13.072432085049979
177,1,54.58389574998237
177,3,12.259601851807902
177,4,None
178,1,49.17090591385323
178,3,12.585484539876322
178,4,58.12856738450482
179,1,49.26397623367406
179,3,12.602483126434048
179,4,53.29572863732302
180,1,50.44679176596088
180,3,13.179690448276064
180,4,53.58606602497715
181,1,49.88172274541028
181,3,13.497595054908865
181,4,37.25769193917671
182,1,45.815458418914154
182,3,13.944453356377824
182,4,48.490383383401486
183,1,46.28300400743115
183,3,13.629614912072018
183,4,46.05691177949745
184,1,53.47885505695956
184,3,12.3850153603454
184,4,48.3234617314604
185,1,55.315481378802964
185,3,12.689320160757747
185,4,41.253538552122514
186,1,61.024229959300676
186,3,12.381201072119909
186,4,50.767786561591265
187,1,53.12170738212296
187,3,13.036328010510628
187,4,49.19340892388601
188,1,52.62815152755535
188,3,12.380111943264168
188,4,47.455010860988345
189,1,47.89003787470216
189,3,13.802245795018777
189,4,49.107694962206374
190,1,53.60844309855764
190,3,12.680995314730723
190,4,49.039991952570844
191,1,57.04523947835865
191,3,12.983292996267867
191,4,52.82738916183911
192,1,57.98013968971763
192,3,12.923345235682698
192,4,53.44942395735976
193,1,55.12353575298718
193,3,12.177007437305951
193,4,54.746993151312516

Species 3 with 25 members is stagnated: removing it
194,1,60.433842437992396
194,4,52.694633191123984
195,1,62.38248406512859
195,4,49.862486979615696
196,1,63.71651817751344
196,4,64.44386719717473
197,1,64.3459690786122
197,4,40.41244970591329
198,1,65.87701997058531
198,4,55.176467252071625
199,1,65.4679023537988
199,4,53.63583689402091
200,1,63.50746889400036
200,4,52.293776408724725
201,1,67.08931487884185
201,4,58.449248678031346
202,1,65.07607296738554
202,4,57.72594757743269
203,1,64.459128102218
203,4,55.828153829795674
204,1,61.70637116096012
204,4,57.34999071889048
205,1,49.266859242072194
205,4,64.8105247919496
206,1,53.76155655401671
206,4,67.12457820248159
207,1,54.68920191894081
207,4,59.0574602838969
208,1,65.40007702026553
208,4,59.173886163248014
209,1,64.86671582249633
209,4,62.28201429090367
210,1,60.02448637753581
210,4,57.32010511734826
211,1,68.69164063354772
211,4,57.812059700982346
212,1,62.10611462080626
212,4,61.16980786424809
213,1,69.56235243804593
213,4,26.596548112146355
214,1,61.3167996681536
214,4,50.772424225956264
215,1,67.59544251583489
215,4,54.94995569278808
216,1,62.68324854815807
216,4,54.90679678765432
217,1,62.56230107081911
217,4,60.42038457407792
218,1,65.25891781816648
218,4,59.54986795325726
219,1,66.91563721190802
219,4,57.63659098407232
220,1,66.52525294031342
220,4,61.29212179922653
221,1,65.86492672158026
221,4,61.735960174881335
222,1,70.2105361110647
222,4,53.17836747587604
223,1,71.15638087488941
223,4,53.37124330642339
224,1,64.32670696567554
224,4,52.76137334623898
225,1,72.11057651916042
225,4,57.8738483311189
226,1,67.87145584886458
226,4,55.4496587358106
227,1,65.73029579472012
227,4,63.6014697989095
228,1,69.49527407159621
228,4,55.24081144788374
229,1,65.53215866056587
229,4,57.693381099027064
230,1,62.88956945538059
230,4,56.45706324422549
231,1,66.38243268409148
231,4,66.13546678342946
232,1,65.51522442432602
232,4,62.43731616237258
233,1,63.45864355840825
233,4,65.25075375169646
234,1,64.91012283637532
234,4,66.82404592187461
235,1,66.9174844123673
235,4,58.34588821429423
236,1,62.148277647904884
236,4,62.62338543065123
237,1,70.32094538318448
237,4,62.81165036012489
238,1,65.79691250034861
238,4,68.6150580587947
239,1,62.68202533234215
239,4,55.61122093098561
240,1,67.26515098962805
240,4,65.2877066168501
241,1,67.1460691212892
241,4,62.22608185302197
242,1,66.56532527123541
242,4,63.62738566062204
243,1,68.70269824138
243,4,61.39570984747448
244,1,64.56652693073407
244,4,62.72415915723229
245,1,68.10080802200966
245,4,57.506272335283306
246,1,68.80785307993123
246,4,63.83977928061189
247,1,70.70224155673924
247,4,63.86284183542552
248,1,60.85967416259813
248,4,62.183046603033915
249,1,64.46742870825436
249,4,61.44708342805535
250,1,70.21284268835879
250,4,62.190640350113
251,1,66.12560160433456
251,4,65.39356651695265
252,1,69.20289606235491
252,4,61.06990319200415
253,1,67.50500972894511
253,4,62.110858274985205
254,1,71.6936855427373
254,4,53.64413425493133
255,1,70.34527012222027
255,4,58.873320517822215
256,1,67.52265494308531
256,4,59.82287395706246
257,1,68.37943257903277
257,4,58.90172095328869
258,1,65.98066555413698
258,4,64.42062792033728
259,1,70.23363412643387
259,4,55.70076032385188
260,1,72.4033262703538
260,4,56.601181445620924
261,1,69.44107337136582
261,4,59.84430615123145
262,1,68.59408610125327
262,4,62.333346275043866
263,1,66.62295513445288
263,4,67.01960514079305
264,1,65.60160055299798
264,4,61.44747841228195
265,1,67.7947529715341
265,4,62.76414472940728
266,1,72.27770518214847
266,4,59.69795394444505
267,1,75.29211584852696
267,4,64.9776986431701
268,1,65.26800093910504
268,4,67.76255675157253
269,1,63.94651554421061
269,4,65.9130165479593
270,1,67.95517915325634
270,4,63.24744769231107
270,5,None
271,1,75.84454251032865
271,4,68.97419124806872
271,5,59.79647475792062
272,1,69.25923033372004
272,4,55.77897428155417
272,5,62.27185369466047
273,1,69.34708082948366
273,4,55.33718351828921
273,5,63.965161100156806
274,1,68.11340158569587
274,4,57.858141389938176
274,5,59.09627729061645
275,1,69.77725100105616
275,4,58.58911922589079
275,5,64.65489580032032
276,1,67.32989880474065
276,4,57.45154088868187
276,5,52.41680101337802
277,1,69.01879872734723
277,4,60.68301347715146
277,5,60.19278144681719
278,1,70.60396306664235
278,4,57.12097933869165
278,5,59.47045688419929
279,1,70.09585296987771
279,4,59.86998971063135
279,5,63.25768273569739
280,1,66.37239814423411
280,4,56.870606066374535
280,5,56.0038373617368
281,1,69.37736405478934
281,4,57.43748703593514
281,5,56.70519932408104
282,1,70.32160540799626
282,4,60.21047287094115
282,5,54.52020749611973
283,1,71.29996074940583
283,4,64.6881190543748
283,5,52.07945178641874
284,1,78.58567018453746
284,4,64.9512164401866
284,5,54.4211361501104
285,1,71.16394060999276
285,4,58.36127153930571
285,5,57.91396716148323
286,1,73.1082398428538
286,4,53.975982670954984
286,5,59.0700491731213
287,1,68.8438283475997
287,4,51.671238692337205
287,5,58.95947288495736
288,1,66.4077955399335
288,4,59.15836276651777
288,5,62.59668091332292
289,1,67.79751842398217
289,4,56.85276742741006
289,5,63.196652911081046
290,1,71.46271182441043
290,4,58.117927167921565
290,5,61.281927053974506

Species 4 with 32 members is stagnated: removing it
291,1,67.72641355160442
291,5,64.36208933382638
292,1,64.98815749812437
292,5,63.738991363090285
293,1,68.98916051408828
293,5,65.36801565758056
294,1,72.12759143059137
294,5,61.18548475440492
295,1,67.21087627996059
295,5,63.63048897443922
296,1,65.72867313451843
296,5,64.15868937341438
297,1,64.3597955110351
297,5,64.00179800923979
298,1,75.8715981512801
298,5,55.32937190672016
299,1,71.95393843452628
299,5,55.711693778449785
300,1,67.82259493245604
300,5,64.42457751992588
301,1,65.05787135507673
301,5,63.470386570395014
302,1,72.21428385333799
302,5,63.68638561456394
303,1,72.71662474101409
303,5,62.121350587888124
304,1,72.99944542207199
304,5,60.83944508302592
305,1,75.12730547846576
305,5,62.08371967831464
306,1,72.4754872227308
306,5,55.901390882989524
307,1,71.86521029259076
307,5,59.327863453992435
308,1,76.13210967279893
308,5,62.46794851308064
309,1,72.10993110282085
309,5,64.02304941670117
310,1,72.02627077198632
310,5,69.3380422243676
311,1,67.52612697703145
311,5,65.98622721747628
312,1,69.91851059067675
312,5,65.29970600606505
313,1,67.67952753128895
313,5,66.79256344563434
314,1,69.0956098671599
314,5,65.33329080753329
315,1,66.83076555303647
315,5,61.74042408773891
316,1,71.60836045529798
316,5,63.69425082469024
317,1,61.22882375024254
317,5,61.10342384066074
318,1,68.87074881368328
318,5,58.852403175626144
319,1,73.58709608947038
319,5,60.486103324746516
320,1,70.14752382128475
320,5,58.02651738632605
321,1,68.13407200521723
321,5,63.12662889788265
322,1,65.32509725986776
322,5,61.15755983780943
323,1,74.84880322613274
323,5,60.02589108368677
324,1,68.54217813425277
324,5,58.9712531110702
325,1,74.70947897624875
325,5,62.16189619128682
326,1,67.76922785859873
326,5,66.06527555778332
327,1,71.89077177025182
327,5,66.19304649567219
328,1,71.3262451501372
328,5,66.99956774221647
329,1,63.96492470679671
329,5,70.33658382244822
330,1,73.2944506564767
330,5,63.90094734398209
331,1,69.60415173525331
331,5,64.77756081409856
332,1,69.79547307919702
332,5,64.20826083874107
333,1,70.62504439749723
333,5,69.81726555000354
334,1,70.94631774097502
334,5,67.66347255416696
335,1,66.79680905717305
335,5,69.02861208650741
336,1,75.37593539505441
336,5,65.21671962870545
337,1,71.5125425538714
337,5,68.30424032268367
338,1,69.95535962763489
338,5,65.7535822105884
339,1,66.36334815546547
339,5,71.83907450765781
340,1,67.13122133614472
340,5,65.83186024531071
341,1,75.98722009047108
341,5,69.05786862650115
342,1,75.21867528869514
342,5,68.77962870971
343,1,69.58311186348041
343,5,68.19857925665961
344,1,69.03797485947455
344,5,73.07044134665959
345,1,67.85549012444909
345,5,69.1154832673346
346,1,66.71023633800755
346,5,64.57757843434409
347,1,67.18740736926428
347,5,68.03517768618752
348,1,65.84538298238833
348,5,68.55061489698681
349,1,70.3187032186337
349,5,67.25326446219734
350,1,67.015274575431
350,5,61.23141448051593
351,1,67.30411381476765
351,5,64.01911424615396
352,1,71.6110526740703
352,5,67.58415382669665
353,1,71.66620122188824
353,5,64.65364578823983
354,1,68.45857943351628
354,5,63.65051878829651
355,1,68.67701183628192
355,5,61.665045903373134
356,1,72.75770508939085
356,5,66.42328512474056
357,1,69.5458465048209
357,5,68.2694647067593
358,1,65.31209297480838
358,5,67.74777443212643
359,1,74.70341116127153
359,5,64.47030901044307
360,1,67.97516425806813
360,5,62.190978405160045
361,1,68.02227385491969
361,5,63.52237811167409
362,1,71.82325022271858
362,5,64.64684480454711
363,1,70.57003639593536
363,5,62.93585481238795
364,1,72.77586267242971
364,5,72.33797078061603
365,1,69.15878016557232
365,5,68.29758726590188
366,1,67.33623613565126
366,5,71.97828886312159
367,1,69.26625391476942
367,5,71.1417086638346
368,1,64.91596188114309
368,5,67.59206063765549
369,1,73.9844081173607
369,5,65.58176799034803
370,1,74.01948084515499
370,5,64.6245826471654
371,1,69.70417204136437
371,5,72.34747022836079
372,1,71.79410460011863
372,5,69.92328684420778
373,1,70.3808095179376
373,5,65.40898177530748
374,1,70.67033075982683
374,5,59.42788031468553
375,1,71.66583974482639
375,5,69.96291284303298
376,1,72.39361838382484
376,5,62.1522689762797
377,1,69.04907883752558
377,5,63.561853809015105
377,6,None
378,1,65.8094436514276
378,5,63.838029670001205
378,6,58.66014424464061

Species 5 with 42 members is stagnated: removing it
379,1,69.00575567724881
379,6,67.60312171834376
380,1,77.16812196258549
380,6,66.92117982031586
381,1,73.10059810703264
381,6,65.48900557785565
382,1,68.58690655010172
382,6,51.92884111049022
383,1,67.53214045437132
383,6,56.67638788305415
384,1,68.7530844080241
384,6,59.77539763316987
385,1,70.70816068610138
385,6,65.38048822693209
386,1,67.50534141872674
386,6,66.8674837809366
387,1,72.41303790065223
387,6,69.44740234047687
388,1,79.8520297173463
388,6,66.73717713949904
389,1,70.08841524819744
389,6,70.90679021020057
390,1,66.18064415636418
390,6,62.442072384956205
391,1,63.422054241635465
391,6,66.3537234874662
392,1,60.73973328874059
392,6,67.67306691379757
393,1,66.90474923610607
393,6,66.16151443120907
394,1,68.70482404913803
394,6,73.97593024624118
395,1,71.36976973225804
395,6,66.38041325968784
396,1,69.92833022518539
396,6,67.72081213241691
397,1,68.26905043105073
397,6,64.2868835949936
398,1,77.79768375680624
398,6,66.84317205224883
399,1,73.48688658119444
399,6,67.60087560572079
400,1,68.65020234871487
400,6,69.45937117926587
401,1,69.2162441690116
401,6,65.9598873791804
402,1,67.78147933257802
402,6,70.91586755843929
403,1,68.88172773580408
403,6,71.02550334357164
404,1,68.58574491740795
404,6,67.84161642953912
405,1,70.22660089071988
405,6,68.40922214507708
406,1,69.08731491987807
406,6,57.720774627632274
407,1,75.97825501581595
407,6,64.56159147353843
408,1,71.00379017630655
408,6,74.14755807122776
408,7,None
409,1,68.06699398683885
409,6,72.4327298328014
409,7,-39.137031201937084
410,1,71.9473613932528
410,6,64.24962667631989
410,7,70.10134813068962
411,1,64.69880525072894
411,6,59.6536651142428
411,7,69.43935498799787
412,1,71.49310684075489
412,6,68.87918968369806
412,7,65.24879863312266
413,8,None
413,1,69.78576206973622
413,6,66.11212979605864
413,7,61.11055730012671
414,8,22.01208208617338
414,1,71.45477549021314
414,6,66.7740630524749
414,7,68.03206789407216

Species 1 with 29 members is stagnated: removing it
415,8,66.9015315544052
415,6,74.75828401671511
415,7,68.26885652504279
416,8,70.91960910809625
416,6,66.42622221120571
416,7,74.52430085249773
417,8,66.77495070069378
417,6,71.7182678486945
417,7,71.76947167783142
418,8,72.47932760881699
418,6,65.54646846021375
418,7,62.59591339871731
419,8,70.06796289721541
419,6,71.03181984662469
419,7,72.7265409662481
420,8,75.62230373158805
420,6,68.74607749661492
420,7,61.96241794886768
421,8,71.48039879401396
421,6,68.71643058252022
421,7,63.13175600901652
422,8,68.13317501342107
422,6,66.63743160329399
422,7,61.6236894152218
423,8,63.300765735253194
423,6,70.52316035525553
423,7,63.108709506976446
424,8,67.98508982210362
424,6,69.7343435593878
424,7,62.66694185388281
425,8,69.2778940745153
425,6,66.71233868148879
425,7,68.16372197765635
426,8,71.13190746158429
426,6,67.19509942637005
426,7,68.59474106378853
427,8,71.56460243688517
427,6,66.43291396596832
427,7,69.61404252445872
428,8,66.4714757235908
428,6,70.50849765234956
428,7,68.96651051834499
429,8,69.97854065048405
429,6,64.8203280503792
429,7,63.87267925512778
430,8,67.83969329910279
430,6,66.97504715578071
430,7,66.3006318550267
431,8,68.68178712417084
431,6,65.1921101819193
431,7,65.95911808221477
432,8,70.50830541769555
432,6,64.04445223859553
432,7,69.0115379533211
433,8,66.37884570424151
433,6,67.52376588472949
433,7,64.81688363206177
434,8,63.25506014184155
434,6,65.99498887919674
434,7,66.91484875845454
435,8,66.70879735790083
435,6,69.64222917921191
435,7,64.49468727126195

Species 7 with 29 members is stagnated: removing it
436,8,68.03166958744033
436,6,70.76175611396388
437,8,64.580661276933
437,6,60.67406863319628
438,8,70.33693067784523
438,6,65.20269538278846
439,8,66.75043690027154
439,6,67.73028186568318
440,8,69.71158309511888
440,6,70.08553947156
441,8,75.03162927296285
441,6,64.96769885345492
442,8,71.17656777810419
442,6,71.4765904785568
443,8,69.41705998851141
443,6,58.57190903387245
444,8,69.29705826508082
444,6,63.94668984801482
445,8,72.55422282215638
445,9,None
445,6,60.754055354230275
446,8,67.99530109080659
446,9,48.41416350716761
446,6,69.43760869928798
447,8,76.11644779423864
447,9,-39.80318914430172
447,6,68.37268604674632
448,8,71.66981507866396
448,9,-39.74196201032382
448,6,68.65379836552518
449,8,70.40168472092142
449,9,63.06650301436311
449,6,65.80223745885016
450,8,67.79575969721044
450,9,64.60304754213027
450,6,69.46152145751809
451,8,65.684808557646
451,9,60.84028827236448
451,6,68.08990365164274

Species 6 with 23 members is stagnated: removing it
452,8,64.57046120800237
452,9,63.21047354321699
453,8,68.84698787524894
453,9,59.198744046552775
454,8,64.33702783888822
454,9,62.12584429121573
455,8,71.16160223761659
455,9,60.76973716820901
455,10,None
456,8,66.97009192298515
456,9,65.63079791233746
456,10,71.40018961000204
457,8,59.679453789650715
457,9,62.887054748010826
457,10,67.80591559878249
458,8,57.60620390154583
458,9,59.52568294424828
458,10,62.03883775623346
459,8,60.89592006128879
459,9,62.00565672166422
459,10,68.2751621773769
460,8,62.84813403343631
460,9,63.07783976856041
460,10,74.86778470991038
461,8,61.6204340994664
461,9,68.93719741222611
461,10,69.53118866880304
462,8,64.75936571840253
462,9,66.86831203531877
462,10,67.99280760613325
463,8,62.98847403171081
463,9,69.0655844256915
463,10,69.86084044251105
464,8,62.1351930744213
464,9,62.15470367445605
464,10,72.38340416476801
465,8,62.04552122539192
465,9,68.09356563490255
465,10,67.94351080614834
466,8,68.43634798238772
466,9,63.02776619256472
466,10,75.72380970661578
467,8,65.42986186863017
467,9,63.08468000932098
467,10,71.79840745188643
468,8,65.43861811796859
468,9,62.54357746887829
468,10,69.59184694874267

Species 8 with 41 members is stagnated: removing it
469,9,65.64529641674758
469,10,69.87007614047339
470,9,66.66926351864095
470,10,66.48980541618921
470,11,None
471,9,64.18234613884495
471,10,69.22807600319629
471,11,64.15602523325676
472,9,62.84572544182795
472,10,72.8201014800138
472,11,64.46461846258748
473,9,58.483016596618
473,10,65.93281156867506
473,11,66.52930189764359
474,9,62.951343763343345
474,10,70.00930905809497
474,11,62.44094786645282
475,9,67.44165678913464
475,10,71.36166588480646
475,11,66.15703461995876
476,9,67.59536490184388
476,10,70.31932642898133
476,11,63.77877120166923
477,9,61.11514641869773
477,10,67.94393325488558
477,11,61.843401552590485
478,9,68.07381754264851
478,10,69.32103181346646
478,11,63.15724528362721
479,9,64.96903735124826
479,10,69.15670075327957
479,11,66.36132148976438
480,9,63.3497857232746
480,10,69.36557160210226
480,11,69.14878933876614
481,9,68.49640349725443
481,10,73.07236244653338
481,11,61.959095897463015
482,9,68.20206951354706
482,10,72.65048168231708
482,11,63.78782696749825
483,9,64.9552620067279
483,10,72.15295857140872
483,11,63.22904156426726
484,9,69.10013762334233
484,10,70.833436437669
484,11,60.657659648869064
485,9,64.59240747936015
485,10,67.52175441401991
485,11,64.98751210194904
486,9,66.0705749621108
486,10,66.12239203116923
486,11,64.0847951844149

Species 10 with 34 members is stagnated: removing it
487,9,64.37235118458128
487,11,64.3424880538837
488,9,63.083524180588775
488,11,69.48797516224352
489,9,60.298913124786054
489,11,66.94846694814345
490,9,64.63574424151864
490,11,68.68784753943436
491,9,64.56495545935044
491,11,65.08541075062439
492,9,65.3447438570724
492,11,65.34407934585363
493,9,64.36088504583515
493,11,65.9761340431436
494,9,65.51777988891371
494,11,67.81879776064883
495,9,63.157392097047335
495,11,71.51374007145994
495,12,None
496,9,62.19621471246905
496,11,68.5131086911688
496,12,70.30875017480918
497,9,64.24160836193967
497,11,62.50025750024632
497,12,71.442236063348
498,9,65.13610942770222
498,11,65.3445505009449
498,12,-43.79153498692882
499,9,66.70284849851505
499,11,61.749980922188435
499,12,-39.39648204709095
500,9,65.65056918684363
500,11,64.70545726182033
500,12,-39.45917642097305
501,9,64.14370490394089
501,11,62.74175831136891
501,12,62.977782276027064
502,9,64.36990108291435
502,11,64.07015908785013
502,12,59.87280471394555
503,9,65.47318628348533
503,11,64.5122787840174
503,12,58.704544771437206
504,9,67.19378765780127
504,11,65.03992994184811
504,12,69.33224381422174

Species 9 with 37 members is stagnated: removing it
505,11,69.97375779994319
505,12,61.368033845349416
506,11,65.58810776815814
506,12,63.039781760027346
507,11,60.623842201461535
507,12,66.59590670178379
508,11,59.83489788597662
508,12,63.45241435442104
509,11,65.2250256281013
509,12,68.46434085044089
510,11,70.47613376553343
510,12,62.87756521574993
511,11,67.07750266269744
511,12,59.26355133745938
512,11,64.25189100469261
512,12,60.85202996952634
512,13,None
513,11,65.47880315590217
513,12,64.2028148613587
513,13,58.49008251922823
514,11,65.3570912388888
514,12,67.55528450540294
514,13,50.42854681797394

Species 11 with 40 members is stagnated: removing it
515,12,63.22529299506652
515,13,63.45413377756867
516,12,66.36835023212853
516,13,62.10969542490634
517,12,65.27980389645246
517,13,65.78061454413734
518,12,69.16510410252648
518,13,68.69573291700272
519,12,65.42151836418348
519,13,64.33823313482664
520,12,69.62999699211379
520,13,70.14060872910986
521,12,61.223897177691974
521,13,69.02887089618544
522,12,66.4813169822731
522,13,69.79053032174211
523,12,59.4477125450708
523,13,68.2821161524267
524,12,62.09625767872638
524,13,62.11264150277664
525,12,68.64300471723541
525,13,65.74918783365423
526,12,64.07530281733037
526,13,57.94331117401498
527,12,58.503443420393026
527,13,64.2459324012764
528,12,63.62833244037199
528,13,65.90031908731662
529,12,58.923338045339214
529,13,66.838809772266
530,12,65.20934111562546
530,13,62.09093824349881
531,12,63.881036237304386
531,13,64.52206795925035
532,12,64.96222909667352
532,13,61.657693204126836
533,12,61.700404056330825
533,13,67.50128476563741
534,12,62.43074936627336
534,13,66.83445536299784
535,12,66.32957553796047
535,13,63.86098350449905
536,12,63.968765920635704
536,13,61.18017760224459
537,12,63.044488373735135
537,13,64.52700035444198
538,12,62.371204837994306
538,13,64.86277046121843
539,12,65.04208509147234
539,13,62.91028906296629
540,12,64.91170730467688
540,13,63.306847583577394
541,12,66.77543785435734
541,13,57.77169181299366
542,12,68.37077930165087
542,13,59.61366705058708
543,12,64.84254797668983
543,13,64.50373741393575
544,12,66.2153994934753
544,13,61.98882867042046
545,12,69.73544816108354
545,13,64.77664856571745
546,12,65.72688732442974
546,13,63.907569191743036
547,12,63.86391054135862
547,13,68.50517030031538
548,12,70.3191151371734
548,13,63.72084555221332
548,14,None
549,12,60.598188324981514
549,13,65.50391987173987
549,14,60.02574721603786

Species 12 with 29 members is stagnated: removing it
550,13,63.87795974031682
550,14,65.73122711874471
551,13,60.07872680800388
551,14,65.98450112904588
552,13,61.11093423726866
552,14,62.70770091623212
553,13,64.51931627459683
553,14,67.73257277859086
554,13,62.77435864128719
554,14,65.41955194984443
555,13,67.9618309638097
555,14,68.70768584204954
556,13,70.6655161990891
556,14,66.03663374273296
557,13,63.97812435872823
557,14,67.55980873904812
558,13,65.31607763092904
558,14,62.7971449005832
559,13,64.13263300480124
559,14,64.33822459845459
560,13,66.42870014550473
560,14,66.99588387965213
561,13,67.13976694747065
561,14,65.5692955165017
562,13,66.36253602883103
562,14,67.90068356768225
563,13,67.75522079386678
563,14,63.659598632120556
564,13,64.32055903902743
564,14,62.8288846082267
565,13,68.00506412118267
565,14,62.65607066794594
566,13,61.650784557854216
566,14,67.10692965089058
567,13,66.165411564041
567,14,63.66836829374932
568,13,63.77898891988913
568,14,61.85824093920713
569,13,67.37126814616487
569,14,66.05734640664751
570,13,63.76485213159359
570,14,64.83669309198793
570,15,None
571,13,64.5909919003106
571,14,68.24801271992213
571,15,51.220396158718316
572,13,61.81394663119422
572,14,60.0971682739394
572,15,61.02400369546934
573,13,65.34309523633686
573,14,67.27756813124199
573,15,60.81003373723802
574,13,63.43667303942568
574,14,57.60551354328158
574,15,53.747587261633434
575,13,66.31750992197162
575,14,66.03901386863727
575,15,53.83806131405767
576,13,65.95560036657449
576,14,61.51476162074067
576,15,54.349406556670914
577,13,66.88174922161103
577,14,60.935754402283045
577,15,53.2112780690906
578,13,62.8670825299885
578,14,59.323073830187454
578,15,58.14578481879308
579,13,61.82233919042104
579,14,59.421211517526196
579,15,58.85505167554576
580,13,66.59640906430461
580,14,61.320209594678836
580,15,59.54360965192395
581,13,63.08470366383584
581,14,61.7979723043645
581,15,61.2974701785007

Species 14 with 34 members is stagnated: removing it
582,13,67.26633380149795
582,15,67.56406383347051
583,13,64.26531546828829
583,15,61.28954742928925
584,13,65.75858636431478
584,15,60.160335931963736
585,13,66.84394533497459
585,15,62.580058003489974
586,13,65.97726595858053
586,15,63.659566182934356
587,13,65.06908130704991
587,15,62.987312963313656
588,13,64.94445531840444
588,15,64.2873374866153
589,16,None
589,13,63.46434769749841
589,15,64.83295104786522
590,16,-40.16667083118313
590,13,64.56445243645264
590,15,67.13251432935884
591,16,53.16833703359471
591,13,63.1784674439631
591,15,66.19332202725877
592,16,59.7651151387024
592,13,66.28944310729179
592,15,62.0625075927052
593,16,52.46286770305959
593,13,64.85745408940045
593,15,61.22267482066149
594,16,53.55335946829644
594,13,65.85877174595021
594,15,65.94315800170405
595,16,56.438990461319996
595,13,66.25108603336601
595,15,60.75702501557938
596,16,56.772246028587105
596,13,65.67622032736539
596,15,63.84546310069785
597,16,55.78344690576182
597,13,65.13969054687537
597,15,65.26713877812175

Species 13 with 35 members is stagnated: removing it
598,16,54.0939553189137
598,15,60.64419184089289
599,16,62.6016210010933
599,15,63.64629632754603
600,16,62.03801171275666
600,17,None
600,15,63.72908276140325
601,16,60.892441833049986
601,17,60.99259432909937
601,15,68.26482848623495
602,16,60.486806875677104
602,17,-39.63237838524935
602,15,59.85389919211055
603,16,65.46758285587141
603,17,-39.10105186422555
603,15,58.43234387770905
604,16,61.34796652327213
604,17,-33.47958681860993
604,15,63.084497231072575
605,16,61.55755821014532
605,17,-4.702449298966525
605,15,65.47708424915463
606,16,63.619462036657886
606,17,-3.214756672331279
606,15,66.94457287435183
607,16,62.79943795870644
607,17,-2.0095229931029226
607,15,68.25774600490286
608,16,59.91286581576297
608,17,-4.557186429259889
608,15,69.24707139430106
609,16,61.51063156939306
609,17,2.0978818663821173
609,15,65.08540332780974
610,16,60.6649197955317
610,17,0.6866640508433997
610,15,65.92695317153589
611,16,64.26866562241358
611,17,3.384562554252947
611,15,60.7250689417482
612,16,59.986099213225856
612,17,3.055108002746998
612,15,61.152365387696186
613,16,63.639012524810795
613,17,1.788643717312543
613,15,59.634075042560944
614,16,65.65890485768904
614,17,3.195784924920614
614,15,59.17702833548724
615,16,65.84938161444909
615,17,2.8520808976990937
615,15,64.4386310175008
616,16,62.564191146738395
616,17,3.0874986922926304
616,15,65.62096098470967
617,16,61.060568047210595
617,17,13.010491316108432
617,15,66.92647951362977
618,16,60.72948417968418
618,17,23.721892230770155
618,18,None
618,15,60.94861989008937
619,16,65.98885534339509
619,17,31.178304439699026
619,18,56.797321867915315
619,15,62.988535314300414
620,16,61.20130909935696
620,17,29.2186439916759
620,18,65.19268639660976
620,15,65.55546821521015

Species 17 with 27 members is stagnated: removing it
621,16,59.669571234085566
621,18,62.44752523956361
621,15,66.46879633618012
622,16,62.79144176085178
622,18,62.538242129685564
622,15,61.00593452018716
623,16,61.65948449817349
623,18,63.58913368123167
623,15,65.26596165957766
624,16,66.10873222965094
624,18,63.471658386211516
624,15,64.20927522288385
625,16,62.35246595296411
625,18,63.55919825196458
625,15,62.83696791461402
626,16,64.85771550694835
626,18,64.09477897514456
626,15,68.21178294404532
627,16,63.97009055665737
627,18,64.05135289894666
627,15,57.99106538284175
628,16,66.7410302595352
628,18,61.28674438373812
628,19,None
628,15,65.29023775611525

Species 15 with 21 members is stagnated: removing it
629,16,64.27567112756384
629,18,66.86201230788787
629,19,59.984809994495606
630,16,64.39143372641836
630,18,68.46893502215224
630,19,57.85516343764599
631,16,63.292765702527895
631,18,68.97128370100631
631,19,69.73264211029296
632,16,66.7361475177913
632,18,66.50050918694527
632,19,65.74540582893735
633,16,59.33757230118634
633,18,66.33270391032715
633,19,64.96154685924378
634,16,65.29445667238649
634,18,63.36299482567963
634,19,68.29838074363691
635,16,63.54404424667005
635,18,66.09991194669283
635,19,66.08817619398906
636,16,65.30717403130386
636,18,68.0908206301272
636,19,66.38078365326588
637,16,63.70886443220302
637,18,67.16079082802051
637,19,61.89810738861227
638,16,67.294616456123
638,18,64.55673745600743
638,19,66.29711716649578
639,16,60.459353810756355
639,18,60.869703507062944
639,19,64.51841971451466
640,16,67.87282699781292
640,18,69.08289711434591
640,19,68.77209088152051
641,16,68.14561229017276
641,18,70.56737614395854
641,19,57.710834486548286
642,16,57.707037631597814
642,18,61.346204034565545
642,19,62.070243659870464
643,16,66.38646214598751
643,18,59.82930782581234
643,19,56.96222908618679
644,16,65.27812074089425
644,18,63.47978641539269
644,19,61.083401771767605
645,16,65.7060426519568
645,18,59.339284323789805
645,19,63.99835497583889
646,16,63.98997536568738
646,18,67.25355674313319
646,19,64.59352503418202
647,16,61.5083275238264
647,18,60.69438230453073
647,19,66.10668850095723
648,16,68.37274791692847
648,18,64.47655377678126
648,19,64.54384990207855
649,16,67.95965606064352
649,18,63.95570222244535
649,19,61.14628189304845
650,16,68.18543665888028
650,18,57.54731629117275
650,19,61.195219810261214
651,16,64.04669271177889
651,18,58.43403288699204
651,19,66.66754369349258
652,16,67.36546787696598
652,18,62.383646231947615
652,19,62.44058244610815

Species 19 with 36 members is stagnated: removing it
653,16,61.11891771696655
653,18,62.202304332356
654,16,67.62127786301839
654,18,61.6217446067004
655,16,63.8369590055137
655,18,65.98448777842836
656,16,63.8369590055137
656,18,65.24243029366576
657,16,64.20799542349026
657,18,68.60585221193297
658,16,59.298476757225615
658,18,64.81738091235019
659,16,64.68370715853837
659,18,65.32261003764005
660,16,69.33027472269201
660,18,66.5039552611904
661,16,64.98208175921249
661,18,65.9218161272513
662,16,64.08899636783761
662,18,65.62824459951287
663,16,63.57917156733163
663,18,67.12135315905822
663,20,None
664,16,65.95361312932114
664,18,65.33258513398236
664,20,58.228286207596184
665,16,64.50453025120586
665,18,64.61629775727138
665,20,60.734295674307376
666,16,66.2446283557408
666,18,65.78395991700548
666,20,59.39368394422766
667,16,61.728434090464226
667,18,66.58777235002663
667,20,66.30894374916444

Species 18 with 30 members is stagnated: removing it
668,16,64.55133920449559
668,20,64.58961432739325
669,16,63.39321679665458
669,20,60.21759401755117
670,16,63.87285716678005
670,20,66.61844630795284
671,16,67.28326680198327
671,20,68.53921016983513
672,16,68.01373150892
672,20,61.99663040302319
673,16,65.18807953975275
673,20,64.19545843450585
674,16,60.39089670291091
674,20,67.43724473938137
675,16,64.20658788333343
675,20,63.8681234496434
675,21,None
676,16,63.00987317528633
676,20,66.87813197091349
676,21,-39.78820191516721
677,16,64.54182197539407
677,20,63.24963595492352
677,21,-39.53513548085539
678,16,66.6492799896529
678,20,63.38600594968238
678,21,-38.750935790609454
679,16,63.08636871480378
679,20,67.04928649644157
679,21,6.667684869355511
680,16,66.15928055064798
680,20,59.7703722747525
680,21,-1.9654189306825913
681,16,64.73247292276878
681,20,59.81685951964072
681,21,35.91730068141888
682,16,62.341219435005705
682,20,64.74920199094329
682,21,34.6640602477355
683,16,66.70184904065177
683,20,62.97328576810822
683,21,30.778548271129406
684,16,60.89029999583544
684,20,63.04588881024175
684,21,31.53392390281775
685,16,64.52057077501247
685,20,62.43976412188522
685,21,33.530218904887164
686,16,66.28851203744904
686,20,62.8411920815563
686,21,36.035537430576234
687,16,62.24960284567187
687,20,61.293870384743016
687,21,22.43782784515903
688,16,64.9681922409917
688,20,60.58514514593392
688,21,28.75937332240713
689,16,61.33992210325061
689,20,59.62028611310869
689,21,33.208390290336865
690,16,65.56361724061243
690,20,59.288973944011076
690,21,22.30160358510118
691,16,61.37246244359883
691,20,62.04056837849732
691,21,34.0918425201595
691,22,None
692,16,63.02574096089468
692,20,60.65461249439336
692,21,30.745326686444958
692,22,-93.8711797277473
693,16,59.34753389219643
693,20,64.27430748213271
693,21,19.217072425100703
693,22,-36.694736917491895
694,16,62.21113927484131
694,20,58.35123751136186
694,21,39.334436997141665
694,22,-38.56161129538032
695,16,65.06829073538867
695,20,53.87488434925734
695,21,26.351260166652484
695,22,-15.080556479604116
696,16,61.70313147588869
696,20,58.94565908132987
696,21,30.63800923211758
696,22,-14.137222797899495
697,16,66.75021149902196
697,20,67.20428963717482
697,21,24.22434813639519
697,22,0.7031783821529319
698,16,63.411801751362745
698,20,63.494603925280686
698,21,32.94176973418462
698,22,6.80705820371421
699,16,62.83690163981376
699,20,59.70783601889244
699,21,20.80525816188081
699,22,6.816318255237532
700,16,59.694978667910036
700,20,60.30208958797332
700,21,32.25480443378537
700,22,6.904650218530998
701,16,61.08125165647289
701,20,62.856234550478376
701,21,31.369272779887197
701,22,6.864142025712429
702,16,63.76936820930649
702,20,58.41242279741249
702,21,27.88615693205604
702,22,7.056500169813694
703,16,64.8082984860948
703,20,59.478100941578845
703,21,34.002910804453855
703,22,7.056738275231961
704,16,61.95564881839046
704,20,59.111140166605296
704,21,31.90223428930822
704,22,7.076583510202691
705,16,63.37706057289935
705,20,60.96625280811415
705,21,30.45704025009519
705,22,6.888839756954634
706,16,65.66759146081242
706,20,62.66931075350013
706,21,33.714869381832976
706,22,7.210663030206468
707,16,64.49675923909656
707,20,66.49800145552257
707,21,32.82934883637013
707,22,7.028667290573677
708,16,64.43889130102548
708,20,62.499417844589054
708,21,26.641536046851655
708,22,7.329129823848881
709,16,64.80347930590898
709,20,59.522476966819795
709,21,35.68643707908344
709,22,7.377135605291046
710,16,64.89642431236324
710,20,60.81962887115077
710,21,23.80753060755826
710,22,7.329728181610475
711,16,66.89952279080569
711,20,62.16059845598973
711,21,24.416868637319197
711,22,7.437505878964826
712,16,62.01283957850269
712,20,61.13901809127562
712,21,21.874411584200153
712,22,7.331586387925031
713,16,60.41292821379087
713,20,66.88478876497437
713,21,33.73380512210586
713,22,7.402995729286135

Species 21 with 20 members is stagnated: removing it
714,16,60.41292821379087
714,20,60.94252013744644
714,22,7.457865579851845
715,16,62.52614455655472
715,20,55.42121036975064
715,22,7.3323842135324275
716,16,57.104715733513075
716,20,70.06720181605822
716,22,7.250677194109937
717,16,59.04077333550044
717,20,57.70012790048188
717,22,7.336524398810376
718,16,64.43156219776417
718,20,62.423898897663165
718,22,7.330115976846626
719,16,61.254277057550105
719,20,60.23068363680133
719,22,7.40328790926839
719,23,None
720,16,60.223723277889356
720,20,57.53516431802883
720,22,7.476897722015541
720,23,-39.92395434976378
721,16,64.92526329963623
721,20,62.941171474228064
721,22,7.447868856249183
721,23,-9.667533251046965
722,16,66.81939993004217
722,20,55.030983771034464
722,22,7.375000463505578
722,23,2.4008721675288296
723,16,68.53034197870188
723,20,60.33792206401729
723,22,7.415559168359294
723,23,4.412638625249286
724,16,74.1042525827098
724,20,58.884248108559014
724,22,7.272832414992456
724,23,4.658588715967506
725,16,66.81779368939458
725,20,60.61053018994347
725,22,7.424664528643684
725,23,7.461850977455296
726,16,68.2419959376646
726,20,58.90043550310848
726,22,7.450064420995604
726,23,7.283265055238146
727,16,66.22844301852277
727,20,64.1623677525702
727,22,7.260832035935799
727,23,7.347683896200764
728,16,59.33515196224725
728,20,59.84380830815393
728,22,7.362231310511905
728,23,7.483944654613415
729,16,62.42488266955707
729,20,61.56154528739307
729,22,7.20619797360342
729,23,7.332791363131891
730,16,68.11040867712758
730,20,62.076208782701876
730,22,7.194222822772395
730,23,7.305341746889806
731,16,65.9085373957634
731,20,62.67488853889006
731,22,7.30055253345943
731,23,7.34287056456882
732,16,64.83854313809432
732,20,66.08096130000096
732,22,7.223686360565947
732,23,7.404361564456377
733,16,60.03055452461229
733,20,66.73360736598882
733,22,7.272141360305199
733,23,7.163991210255364
734,16,59.53395356487444
734,20,67.59219072507604
734,22,7.347204396578576
734,23,7.30341416022343
735,16,62.697234247671375
735,20,62.66247332711564
735,22,7.417715261998255
735,23,7.245635415536576
736,16,65.67779379431688
736,20,58.9459340849486
736,22,7.398190979955817
736,23,7.291202146411829
737,16,63.066285839393515
737,20,66.3182763178495
737,22,7.495313030419083
737,23,7.334445561211824
738,16,64.30518646888214
738,20,54.795207183101844
738,22,7.363406384642519
738,23,7.320773839889437
739,16,62.64098994369373
739,20,50.16452585828809
739,22,7.419605583575532
739,23,7.223553939392397
740,16,64.31692136550744
740,20,51.30664418790699
740,22,7.466225819345334
740,23,7.169722121067678
741,16,60.94921544686733
741,20,51.55263427371269
741,22,7.412371485591332
741,23,7.15484271655263
742,16,62.82120218457804
742,20,63.61905196613047
742,22,7.334888184554966
742,23,7.385695414332026
743,16,65.15835967686603
743,20,69.86944317240093
743,22,7.381298743370933
743,23,7.27239760812021
744,16,60.866654428606694
744,24,None
744,20,54.136636122308396
744,22,7.400665932610503
744,23,7.266491618789295
745,24,-39.60134260747471
745,16,61.00959868428011
745,20,49.960361492794945
745,22,7.314844870923783
745,23,7.335914218111724
746,24,-39.20446535556178
746,16,60.52456962799259
746,20,53.42786091084993
746,22,7.363671223069517
746,23,7.455689566214536
747,24,-39.41078899430796
747,16,61.83258134067762
747,20,50.586260648878316
747,22,7.356589812516605
747,23,7.4420061164643085

Species 23 with 24 members is stagnated: removing it
748,24,-39.553276107671444
748,16,65.81362937138358
748,20,51.02158525534485
748,22,7.439424139951501
749,24,-8.132460950101917
749,16,60.92713859072839
749,20,53.43870193301484
749,22,7.301097043732199
750,24,-8.623334671245207
750,16,69.11956531831197
750,20,55.998766048281475
750,22,7.377032216524876
751,24,1.4417162124950633
751,16,65.92654120599504
751,20,56.48576956183062
751,22,7.426502136639995
752,24,0.8578589272359674
752,16,68.72127672471865
752,20,51.726767623021395
752,22,7.370619715829369
753,24,1.666718737829975
753,16,65.08514906712134
753,20,55.50387847758309
753,22,7.3545443864486515
754,24,40.44135771470774
754,16,69.15379108813624
754,20,56.14964608388797
754,22,7.494323778967022
755,24,34.165284900922025
755,16,60.23114903147241
755,20,55.215982075753544
755,22,7.33928807127745
756,24,27.571446080358662
756,16,64.85761300781198
756,20,56.15063192357847
756,22,7.263686328388719

Species 22 with 29 members is stagnated: removing it
757,24,43.32136859640844
757,16,51.09927030050869
757,20,52.38571673834888
758,24,38.5046230302934
758,16,67.96141969344887
758,20,56.616583776248
759,24,28.716734539990032
759,16,65.78380884760566
759,20,54.370352809711044
760,24,47.18811303909913
760,16,62.157460223771764
760,20,56.23080197884663
761,24,40.67335278448557
761,16,62.72996970760696
761,20,55.41709773408357
761,25,None
762,24,37.58878176952509
762,25,-39.215052583296064
762,20,52.66972465478726
762,16,63.721882783965704
763,24,33.895759153473804
763,25,-39.753201436489114
763,20,54.03926532359946
763,16,63.12394217315668
764,24,39.47520231912136
764,25,-39.64819293004734
764,20,53.596113930612404
764,16,67.48074549289502
765,24,7.4311054134434364
765,25,-7.812276572347889
765,26,None
765,20,52.72900551038877
765,16,64.20064451906879

Species 20 with 31 members is stagnated: removing it
766,24,7.4244892952539105
766,25,-6.656209379288452
766,26,55.558701353464606
766,16,61.86260550605713
767,24,7.318357214307003
767,25,-1.0573706624067616
767,26,64.63744195403044
767,16,24.98964747264228
768,24,7.311648409790779
768,25,2.547594178434316
768,26,62.796352860096114
768,16,54.86883766028961
769,24,7.419470798188332
769,25,3.3162037074925443
769,26,62.10289113330195
769,16,49.62603638340411
770,24,7.422802511686167
770,25,6.536784774034095
770,26,71.5115067159048
770,16,48.78023125380019
771,24,7.397702253225311
771,25,6.742843384614989
771,26,63.25572164839784
771,16,59.26984276813725
772,24,7.291893903572077
772,25,7.014643670436139
772,26,63.49797705559371
772,16,61.526702004094275
773,24,7.377084575494882
773,25,7.360362281761872
773,26,64.52157327203726
773,16,62.67111934988694
774,24,7.332479967657713
774,25,7.159858143677831
774,26,62.75151974413206
774,16,62.841459018816344
775,24,7.376849080127876
775,25,6.971589810644091
775,26,66.59183210208658
775,16,59.84169153827584
776,24,7.530433250613985
776,25,7.139366687484849
776,26,61.21647522483567
776,16,60.0231663058053
777,24,7.455218503351726
777,25,7.2774829879370095
777,26,60.43126519495979
777,16,63.03750930821882
778,24,7.306743741440875
778,25,6.961282094146096
778,26,66.43605385324194
778,16,69.31521557851178
779,24,7.439582818610242
779,25,7.170607875771717
779,26,62.38376540910195
779,16,69.8012864573914

Species 24 with 24 members is stagnated: removing it
780,16,67.26114252365197
780,25,7.067088080213608
780,26,59.4316587551165
781,16,61.87845824274482
781,25,7.1315626539922885
781,26,64.13080498682902
782,16,68.34817530649744
782,25,7.150562502669989
782,26,64.23042761126199
783,16,65.2345794695835
783,25,7.387395574562993
783,26,63.24934968238629
783,27,None
784,16,60.65317943885947
784,25,7.3894326545868605
784,26,60.019237333881165
784,27,63.09597672238831
785,16,62.97078607318596
785,25,7.367618256398178
785,26,60.705050337374104
785,27,62.580768753883916
786,16,66.97171516800677
786,25,7.080406386685249
786,26,61.451848821125296
786,27,63.95873259771577
787,16,63.45512230860173
787,25,7.046628043856248
787,26,66.40552806238964
787,27,62.37103126969924
788,16,65.87188222961734
788,25,7.004830026186042
788,26,60.905825425173376
788,27,60.6695626463749
789,16,63.883277068192115
789,25,7.10430951415101
789,26,60.2874536831129
789,27,63.11857381056983

Species 16 with 28 members is stagnated: removing it
790,25,7.080628298063678
790,26,60.79532061411201
790,27,61.3840216189446
791,25,7.600595368350985
791,26,68.68020329639667
791,27,60.3361508939864
792,25,7.342958515987581
792,26,61.24439729465253
792,27,62.06214307571406
793,25,7.280272119292859
793,26,56.40325988870393
793,27,60.082694895105305
794,25,7.211394371380306
794,26,60.8992254938504
794,27,62.356148418125024
795,25,7.466200967212609
795,26,64.71612544600279
795,27,59.43827307721796
796,25,7.178177552649009
796,26,60.92695062683446
796,27,63.678207951016816
797,25,7.085271318831547
797,26,65.23795085523861
797,27,67.40839168794925
798,25,6.962807594776021
798,26,63.801515844649266
798,27,68.11911750522921
799,25,7.0867468039539965
799,26,62.32439176562118
799,27,64.24531247083604
800,25,7.08283510886243
800,26,65.07699419673864
800,27,61.630930470235704
801,25,7.078415566439172
801,26,65.00501791094403
801,27,63.49250854009964
802,25,7.176858271743285
802,26,67.36522455757908
802,27,65.56999233889222
803,25,7.0123402961493095
803,26,61.00351273417107
803,27,65.82510055382212
804,25,7.153032454240123
804,26,67.11691968189581
804,27,59.768129796189676
805,25,7.245610019911398
805,26,64.01433489300508
805,27,59.19361453769113
806,25,7.2193986405192385
806,26,66.02421053965286
806,27,60.39769935330665
806,28,None
807,25,7.220801325981077
807,26,62.02981602942374
807,27,64.10302396196236
807,28,-39.996648910566954
808,25,7.026805066332019
808,26,67.93250477153569
808,27,62.9720539978285
808,28,-39.796607993235156
809,25,7.175918137098647
809,26,67.81562304835488
809,27,60.850997070847676
809,28,-39.22662675467267
810,25,7.259073705445484
810,26,61.60333334850499
810,27,63.38422530197689
810,28,-39.14972527742242

Species 25 with 26 members is stagnated: removing it
811,26,63.4166352091385
811,27,60.410531323431265
811,28,-28.118911636064706
812,26,65.41213732997308
812,27,60.684321703764205
812,28,-11.945532469300627
812,29,None
813,26,63.093371771089025
813,27,62.84883375993656
813,28,0.56951873170457
813,29,-31.06550709790769
814,26,61.84172532296926
814,27,64.72306698551677
814,28,-2.6102484956730154
814,29,-30.689299580305036
815,26,65.54427174146578
815,27,65.52863854013319
815,28,31.42777154104712
815,29,-15.53296118343105
816,26,63.083190323273
816,27,65.6738459375229
816,28,17.55539640106536
816,29,3.748425380011031
817,26,59.43285297997835
817,27,64.0228205855621
817,28,20.218634852718516
817,29,1.30557171199415
818,26,62.6205667998584
818,27,61.237905841152816
818,28,15.534436702977583
818,29,11.325051526991771
819,26,62.75553249637417
819,27,62.68351719577106
819,28,7.01286976534878
819,29,8.18676626988418
820,26,62.1060763747451
820,27,58.64500104517179
820,28,7.028156511183645
820,29,8.385805617964337
821,26,67.53503669975211
821,27,62.48617955469116
821,28,7.422543437676331
821,29,13.99670963696073
822,26,64.09474200312069
822,27,59.912901173228754
822,28,7.474836237569549
822,29,25.125733901928218
823,26,66.0037325009509
823,27,62.38943280192646
823,28,7.155787974853239
823,29,15.461003404265965
824,26,45.877125071702416
824,27,55.048373494785785
824,28,7.270649063414294
824,29,32.83985641067946
825,26,62.8495574654295
825,27,62.137750177332855
825,28,7.452711505746042
825,29,19.211629642679956
826,26,58.278742867560325
826,27,60.72122264861698
826,28,7.0529381870548455
826,29,12.431279848166703
827,26,64.73656234092375
827,27,56.35339692607804
827,28,7.3156322707472174
827,29,11.639559463896898
828,26,68.66322013160128
828,27,60.08501519073668
828,28,7.412926815456777
828,29,10.138449173977977
829,26,65.65399932888135
829,27,61.52411844530661
829,28,7.441561368819632
829,29,20.064131257226443
830,26,61.647427198240514
830,27,62.370280016824374
830,28,7.044684856529328
830,29,15.635651061117985
831,26,62.75403511744109
831,27,60.617464208743144
831,28,7.221621699248039
831,29,13.449412530551145
832,26,60.74214550238864
832,27,64.1142481618845
832,28,7.118740977896378
832,29,27.482847322265975
833,26,60.49103137100253
833,27,67.22954146521384
833,28,7.094889199597991
833,29,29.867206399013494
834,26,56.14942678808945
834,27,64.59888293519616
834,28,32.29058668197014
834,29,33.628312305408365
835,26,60.75438930401468
835,27,65.00266935437519
835,28,31.347357743140584
835,29,11.460858166261456
836,26,63.628526725829815
836,27,60.53310900285762
836,28,41.46958954834258
836,29,25.1058737686024
837,26,62.70359962275748
837,27,63.924510173022114
837,28,44.66079843047118
837,29,36.2487632367363
838,26,67.3830015072538
838,27,66.32013620795121
838,28,52.759458633915656
838,29,34.607863859125494
839,26,63.6469665618554
839,27,64.03152882234771
839,28,52.2864920781109
839,29,37.56447143223634
840,26,62.04561942509654
840,27,64.41285444121996
840,28,60.13476087792538
840,29,41.532458206799774
841,26,62.261564721460296
841,27,64.46026714615022
841,28,45.91127664452836
841,29,38.201446324815315
841,30,None

Species 27 with 13 members is stagnated: removing it
842,26,64.43433366611876
842,28,48.25029137239932
842,29,37.151337972106134
842,30,58.0300895741439
843,26,60.53482323678397
843,28,52.92862361814425
843,29,39.483233935726716
843,30,57.628372383128024
844,26,63.56838961598289
844,28,58.25031364429673
844,29,41.50788133147784
844,30,61.0509490128956
845,26,63.04191948446001
845,28,51.57703822589188
845,29,42.61488667269498
845,30,62.502351992698365
846,26,59.195290797245384
846,28,48.818702569548826
846,29,38.21643940288114
846,30,57.799301194524006
847,26,65.9503838116132
847,28,54.070499014799886
847,29,39.805088870892206
847,30,57.00208032789546
848,26,63.51592605348419
848,28,58.53761308569215
848,29,40.919688228642734
848,30,66.33687923425948
848,31,None
849,26,69.42379299466637
849,28,50.33701381980113
849,29,40.78814543439858
849,30,61.60456934630337
849,31,-38.40891819463016
850,26,64.97346094543576
850,28,48.770629874462664
850,29,52.604486833413084
850,30,58.57804054445073
850,31,-38.372781282649285
851,26,67.45106150297472
851,28,53.85833908362981
851,29,46.78406083593727
851,30,57.35767545040811
851,31,-36.134016454255566
852,26,65.55449591924557
852,28,51.7005922852206
852,29,39.762895331485495
852,30,60.923045785234606
852,31,-34.74635147750942
853,26,64.13416897262057
853,28,52.79977614741882
853,29,42.935620921224086
853,30,59.682059640155074
853,31,-14.054958532781802
854,26,63.20130617493396
854,28,52.26194193045354
854,29,41.157961358779936
854,30,61.643013319313944
854,31,3.3531002240327346
855,26,70.95104673112216
855,28,52.14416302562564
855,29,41.668564449421915
855,30,58.82193359732823
855,31,2.2207692226941496
856,26,69.92621005646944
856,28,54.76844802610794
856,29,43.55208052683923
856,30,59.883721174334276
856,31,4.696716930212835
857,26,67.2524401115957
857,28,56.14527023431655
857,29,37.98883287727729
857,30,60.88708323490086
857,31,7.3220393661580125
858,26,64.77544991322523
858,28,57.69949198772682
858,29,42.02972668848303
858,30,64.71213237099374
858,31,7.277285004293261
859,26,64.8387404345251
859,28,54.09646535538523
859,29,46.37539160663391
859,30,59.64840562785953
859,31,7.4449454472918255

Species 28 with 21 members is stagnated: removing it
860,26,61.97943632812409
860,29,47.40850232546343
860,30,63.31227154550685
860,31,7.335970739417125
861,26,62.6514960266771
861,29,44.16984034570941
861,30,64.34220772856844
861,31,7.3462261767854
862,26,61.9305999698912
862,29,46.14580567846211
862,30,63.99632214014767
862,31,7.3341497263936
863,26,64.41075519254517
863,29,45.57304856916658
863,30,60.40807163310482
863,31,7.358333862883029
864,26,63.571029982339525
864,29,43.99198053099219
864,30,60.99263813915692
864,31,7.359110957237751
865,26,64.91313925905627
865,29,42.90326065682636
865,30,57.86036670949049
865,31,7.293979700245687
866,26,62.42452304053673
866,29,39.55569442397984
866,30,61.51429386405911
866,31,7.340709948740232
867,26,66.61444516309122
867,29,43.84163224654458
867,30,59.43494394071999
867,31,11.906743433622253
868,26,62.91401954038938
868,29,44.37075697673791
868,30,64.65186034973185
868,31,10.836124718646158
869,26,70.51505429955245
869,29,43.847000563900075
869,30,63.20344284597079
869,31,10.041571052669394

Species 29 with 23 members is stagnated: removing it
870,26,65.46839729446108
870,30,67.23474049374069
870,31,13.346723040339084
871,26,66.62054134399973
871,30,64.60082956616971
871,31,10.818860875817833
872,26,61.9456298297562
872,30,66.70384056644716
872,31,9.91804109072198
873,32,None
873,26,65.34845754769763
873,30,64.0942236625257
873,31,10.54690760326407
874,32,-39.970552584247
874,26,65.3652169188086
874,30,64.89989179965136
874,31,11.694214441741027
875,32,-39.62011086639556
875,33,None
875,26,61.52894924747811
875,30,61.14800641248794
875,31,13.956042766784172
876,32,-39.32563533728307
876,33,66.2873508638411
876,26,64.0728220519393
876,30,62.16714482815104
876,31,13.010017975050072
877,32,-5.451685208413797
877,33,65.17337540278703
877,26,66.6983445954149
877,30,65.75672119564342
877,31,12.959506703147367

Species 26 with 2 members is stagnated: removing it
878,32,-5.593747999456128
878,33,64.8349484090672
878,34,None
878,30,61.354542538084665
878,31,7.301120314620854
879,32,-5.006972990455704
879,33,-43.782219338244076
879,34,59.98832921127762
879,35,None
879,30,56.620208504994466
879,31,7.205284717837733
880,32,-5.127411286112514
880,33,47.137155326664015
880,34,62.2567699476996
880,35,-39.31755984900881
880,30,59.64699513115198
880,31,7.293063757715543
881,32,3.0630084172995806
881,33,45.412035002019884
881,34,61.45328678721994
881,35,-37.49963379581587
881,30,60.01066241419384
881,31,7.350364034332859
882,32,54.32866762219684
882,33,53.685483995265045
882,34,56.241577013919084
882,35,-35.06189506626368
882,30,58.79679654540688
882,31,7.2909869078797005
883,32,-5.150602854581149
883,33,63.14450235873161
883,34,61.784401692395235
883,35,3.964147465282993
883,30,60.294789445641776
883,31,7.4007866315810835
884,32,-5.1813283517140105
884,33,56.09888146977882
884,34,61.68378740964034
884,35,4.073161761269718
884,30,59.08089893725499
884,31,7.317381181506897
885,32,-5.178541743449421
885,33,62.57635285604396
885,34,62.28213776998815
885,35,6.9224203411122165
885,30,58.261095562033326
885,31,7.335264516463109
886,32,-5.1798473432869425
886,33,64.22654778537508
886,34,62.017314636991166
886,35,6.9730381047746235
886,30,61.23991396599898
886,31,7.237374831214584
887,32,-5.114927285356147
887,33,61.57492205132061
887,34,64.29740692009705
887,35,6.982531380578494
887,30,64.966469943196
887,31,7.3126131771532945
888,32,-4.527743202990756
888,33,61.51472821642677
888,34,60.45333889352559
888,35,7.111342369764725
888,30,67.46497049494369
888,31,7.271075783375962
889,32,2.9271797529539776
889,33,62.97841963821386
889,34,63.158948680873976
889,35,7.0517858534190845
889,30,67.80292555702644
889,31,7.226670367883252
890,32,-2.4700758442055757
890,33,62.39745855987125
890,34,64.91023162772363
890,35,7.083127850449641
890,30,63.79703773656765
890,31,7.32338861032221
891,32,3.4808726635851412
891,33,67.66402922138823
891,34,57.716063297048905
891,35,7.342978671917511
891,30,62.321667531972274
891,31,7.37570274386422
892,32,2.5940586447328533
892,33,64.23664278925068
892,34,59.737861772502285
892,35,7.248867223665053
892,30,65.56244037326525
892,31,7.356562810622028
893,32,3.033368974158553
893,33,64.15473909540887
893,34,57.84473949350253
893,35,7.1239789344466695
893,30,65.70962227369947
893,31,7.345759946462232
894,32,-5.067495589755697
894,33,56.72288441110718
894,34,62.52927347735433
894,35,7.008116468796014
894,30,65.80866255093187
894,31,7.226128068408391

Species 31 with 14 members is stagnated: removing it
895,32,-5.115269756930137
895,33,64.51498352179951
895,34,62.14843393203016
895,35,7.148563944390148
895,30,62.92723556254692
896,32,-5.272180261907855
896,33,66.54995835469198
896,34,65.48389177916087
896,35,7.215433917024907
896,36,None
896,30,49.086516688357015
897,32,-5.376456979069445
897,33,60.96770638836783
897,34,62.06574456292483
897,35,7.087189406014863
897,36,-7.572229810390835
897,37,None
897,30,39.52684871769715
898,32,-5.394510980617961
898,33,59.680724730715944
898,34,56.65420209561675
898,35,7.059909726267006
898,36,-7.607199388332755
898,37,-39.30536333098618
898,30,40.85596513193355
899,32,-4.969228846637126
899,33,60.50362436501923
899,34,60.10507293651389
899,35,7.490472939405869
899,36,-4.280380096056086
899,37,7.486561756275468
899,30,40.09442039957303
900,32,3.1026528045149333
900,33,64.83229827648442
900,34,62.61553255032256
900,35,7.44501077185703
900,36,2.4317218715020057
900,37,6.588313490966699
900,30,46.70175272275819
901,32,-5.236950777024716
901,33,59.62815181354995
901,34,64.04122101060436
901,35,7.140457622121723
901,36,3.458376018010848
901,37,6.992823687739367
901,30,50.4580823117613

Species 32 with 13 members is stagnated: removing it
902,33,63.63989850768142
902,34,65.06137167179442
902,35,7.386782816582651
902,36,-1.46620214766109
902,37,7.138558009577745
902,30,59.588927090009165
903,33,61.26919703956226
903,34,66.83476142672474
903,35,7.1851450400952785
903,36,3.224648213215473
903,37,7.345930405353894
903,30,56.64620892459712
904,33,62.82451976510872
904,34,65.23548923716854
904,35,7.261932017108796
904,36,2.6973590826783442
904,37,7.122909408811056
904,30,56.611134345595396
905,33,60.32786569017166
905,34,59.15359862850698
905,35,7.09550602488814
905,36,3.7174642554409965
905,37,7.0177833105788014
905,30,56.42369800773143
906,33,64.48465570853918
906,34,61.59832545666092
906,35,7.0628524116149345
906,36,3.274211816928296
906,37,7.179517383631312
906,30,58.20500598324911
907,33,54.70182498684436
907,34,61.91317425982915
907,35,7.119888503093344
907,36,3.4504134268582103
907,37,7.014966801760987
907,30,53.490497900362044
908,33,58.54196910825572
908,34,63.808462498186714
908,35,7.224004670183924
908,36,3.523042255046239
908,37,6.862124954500393
908,30,55.256975326944115

Species 30 with 15 members is stagnated: removing it
909,33,59.57549517225161
909,34,59.993018070629454
909,35,7.1029409755698065
909,36,4.050650375529098
909,37,6.937638063062173
910,33,60.410670151526624
910,34,60.13286264248408
910,35,7.179321704217853
910,36,6.904056900165164
910,37,7.083071229392427
911,33,57.646811813648284
911,34,64.16790123050686
911,35,7.203720491416717
911,36,7.066680628539091
911,37,7.046964280969863
912,33,58.30780400814328
912,34,53.30942770452857
912,35,7.23343048387224
912,36,6.952062037075108
912,37,7.1163903109707185
913,33,61.92035298910021
913,34,51.14038530443598
913,35,7.233372916497093
913,36,7.537169197273919
913,37,7.389774229657536
914,33,65.25760254396603
914,34,59.041830093805174
914,35,6.929425861028269
914,36,7.537169197273919
914,37,7.447189344467085
915,33,61.65352241045212
915,34,65.22287593303133
915,35,7.058159050125914
915,36,7.060627427199516
915,37,7.29868081102578
916,33,68.35236489311667
916,34,59.630902299660534
916,35,7.063528276295947
916,36,7.015574155612327
916,37,7.462880565319781
916,38,None
917,33,60.68199227398923
917,34,60.2838655509061
917,35,7.135287997710219
917,36,7.2121458777396645
917,37,7.243621834864033
917,38,-112.75357918476712
918,33,57.62324172940741
918,34,58.931491520379375
918,35,7.272064837538875
918,36,7.250284478561617
918,37,7.110980049842936
918,38,-5.10999748986903

Species 37 with 19 members is stagnated: removing it

Species 35 with 19 members is stagnated: removing it
919,33,52.98555060604304
919,34,62.7459898929969
919,36,7.361891693952002
919,38,60.12189030620295
920,33,57.59684703169315
920,34,61.65779576810588
920,36,7.2914151999112615
920,38,57.73530832530235
920,39,None
921,33,53.620220314493125
921,34,62.04503647924573
921,36,7.359795760163897
921,38,62.13308469177664
921,39,-100.19724396611363
922,33,60.64233173668355
922,34,61.110083924596545
922,36,7.377940013370091
922,38,62.094712565965786
922,39,-99.62835703969125
923,33,58.22490044449799
923,34,59.97637631424082
923,36,7.401899471701904
923,38,60.07712026625851
923,39,-39.96510971223736
924,33,61.880440263688776
924,34,66.29487504092278
924,36,7.291234475952886
924,38,65.39666813047819
924,39,-37.37734168626895
925,33,55.80903828664312
925,34,66.36738795525228
925,36,7.456159176916896
925,38,60.35488533325495
925,39,-19.459460474875417
926,33,57.67736482917342
926,34,62.417543404118966
926,36,7.4394862036121125
926,38,63.383867754913375
926,39,-0.7163239120100426
927,33,64.11844133152417
927,34,62.11742619812859
927,36,7.266405350406754
927,38,62.11379971619073
927,39,-3.745191576489696
928,33,57.38145320665525
928,34,64.16058777467404
928,36,7.06817878178103
928,38,69.14248023161856
928,39,1.7857992983822077
929,33,53.72433285227483
929,34,68.2004589040044
929,36,7.356625803817918
929,38,63.92573738481869
929,39,3.5471203575407917
930,33,61.1048773836448
930,34,67.22218363676667
930,36,7.271132928175249
930,38,62.8105232573348
930,39,6.6296382670352205
931,33,55.19924240098931
931,34,60.44676619699191
931,36,7.419282126270719
931,38,61.63710672412426
931,39,6.881572162305174
932,33,58.953299701210476
932,34,60.237563209711006
932,36,7.261540249165614
932,38,64.33026038571917
932,39,7.172197884454709

Species 36 with 18 members is stagnated: removing it
933,33,59.48722945746933
933,34,68.1231959984719
933,38,62.24741443155779
933,39,6.944153247224682
934,33,62.742826811098055
934,34,71.28571398939084
934,38,66.62392708959804
934,39,6.955863901104773
935,33,61.52306380114016
935,34,66.54055779377315
935,38,70.22899811341058
935,39,7.057729659726243
936,33,64.6613348104763
936,34,62.19107921741313
936,38,64.62718898156096
936,39,7.079390043693161
937,33,65.24396250149896
937,34,61.91537457962675
937,38,61.28072966079628
937,39,7.11556083345662
938,33,62.22566183815666
938,34,62.15548449749862
938,38,67.56490370910159
938,39,7.108535787877683
939,33,61.879103782845156
939,34,67.86079442805948
939,38,56.54566457615669
939,39,7.259764674613658
940,33,62.12645071596394
940,34,59.3776203958695
940,38,63.32822872543114
940,39,7.2607948172061665
941,33,61.6004690732932
941,34,58.3574320630677
941,38,63.89429889982549
941,39,7.3652945250265285
942,33,58.59054445542356
942,34,56.81863904605278
942,38,57.598270356451614
942,39,7.447927304355528

Species 33 with 17 members is stagnated: removing it
943,40,None
943,41,None
943,34,60.0990078132361
943,38,63.06159021499521
943,39,31.743599868065854
944,40,-23.369938798758405
944,41,-39.46178279171505
944,34,51.29882880678448
944,38,63.035265058796526
944,39,26.428270288556156
945,40,32.645353505937436
945,41,-36.38986536966092
945,34,57.52667205558365
945,38,65.18608905494189
945,39,7.303753087745079
946,40,32.613634416865054
946,41,-39.436820597206946
946,34,61.96189360406132
946,38,-9.555687013250383
946,39,7.4650867310126126
947,40,38.27953737017714
947,41,2.214158906702274
947,34,68.8228056487633
947,38,-3.380760083660158
947,39,7.446265726022542
948,40,33.390277762520036
948,41,4.484262829465912
948,34,61.87070010925437
948,38,-3.4192924993141647
948,39,7.381983359790775
949,40,30.064370054941843
949,41,24.863874383190904
949,34,62.92682721619601
949,38,-99.3058311780369
949,39,7.478433684393873
950,40,33.259544183733375
950,41,7.742659213032299
950,34,60.66409824619782
950,38,0.5603627406347438
950,39,7.379147286870579
951,40,31.425211793187042
951,41,3.9689011715047045
951,34,59.748021321292185
951,38,26.784559650951604
951,39,7.342226865702929
952,40,36.722584379497995
952,41,26.684878070050996
952,34,61.99843062573748
952,38,4.401022571190961
952,39,7.354455195819325
953,40,31.860166604458428
953,41,28.083185516055572
953,34,60.74585752536997
953,38,6.608332409594141
953,39,7.295105697232217
954,40,51.29641565627691
954,41,27.466772474136917
954,34,64.42385194339779
954,38,5.6497152212556445
954,39,7.364069285243609

Species 38 with 21 members is stagnated: removing it
955,40,42.97841304165419
955,41,28.365923169592044
955,34,68.3254107885429
955,39,7.361233157377742
956,40,27.530300858717343
956,41,30.799121778619856
956,34,67.54364431453399
956,39,7.441564374894748
957,40,44.2031356177035
957,41,32.8953576570063
957,34,64.872320691778
957,39,7.340366378697293
958,40,25.97810129401935
958,41,30.499749846388568
958,34,68.86340312702222
958,39,7.421219032459371
959,40,38.99588617026916
959,41,28.542171932358915
959,34,63.30595436275557
959,39,7.317972218453703
960,40,58.67900897813177
960,41,34.43933912088333
960,34,63.07703748503993
960,39,7.438486379724759
961,40,49.23288045510022
961,41,34.70961121664565
961,34,64.52880167776117
961,42,None
961,39,7.388931994867981
962,40,46.735378662494725
962,41,32.13981162453732
962,42,7.427718600105528
962,34,62.52900488798066
962,39,7.486864737604943

Species 39 with 7 members is stagnated: removing it
963,40,52.64757885079961
963,41,16.255254193976736
963,42,7.434230018706677
963,34,65.93936028335081
964,40,46.14345206742673
964,41,33.17146312686877
964,42,7.446148067995038
964,34,67.75751331761872
965,40,41.91762167401255
965,41,33.05654631933498
965,42,7.340411672415846
965,34,61.49983339840488
966,40,51.30540775008483
966,41,36.57960308279883
966,42,7.453021609238696
966,34,67.70499135358102
967,40,53.53600310617733
967,41,44.327559137913916
967,42,7.420357249534346
967,34,70.35641196095393
968,40,44.00685042493909
968,41,30.287238689634023
968,42,7.385419907611981
968,34,68.67928709815406
969,40,51.53665150896673
969,41,29.315493874363902
969,42,7.38089956580654
969,34,64.0557877760055
970,40,20.600856195118915
970,41,34.190767919228655
970,42,7.483513653343528
970,34,60.771283843093315
971,40,45.536272066581056
971,41,34.25089632751228
971,42,7.40358560443413
971,34,62.70501317602908
972,40,51.08059993637982
972,41,24.475574331817032
972,42,7.2728605875422625
972,34,64.5756281620779
973,40,53.04395834705574
973,41,25.640888403143105
973,42,7.300331783322024
973,34,65.64487935699718
974,40,45.64808326809011
974,41,32.74311903232053
974,42,7.421178774983791
974,34,51.388071539146864
975,40,46.56338849522172
975,41,31.521723801415465
975,42,7.394216014028041
975,34,64.11714415957591
976,40,43.39008670349714
976,41,29.865367671366563
976,42,7.4902177060967485
976,34,50.57246581711581
977,40,50.48024904178804
977,41,43.735174656756435
977,42,7.4365359986122845
977,34,63.578203893148206
978,40,56.14335048034371
978,41,30.261016953713607
978,42,7.402964819123531
978,34,57.63936932468905
979,40,47.23395862186906
979,41,22.613463419538434
979,42,7.3811503566673045
979,34,60.17166707709555
980,40,53.96326780077691
980,41,35.353737662973565
980,42,7.303364250027868
980,34,60.15564498806322
981,40,49.70695833113683
981,41,34.89474373156052
981,42,7.417411315674511
981,34,65.48006488445577
982,40,46.41447564477837
982,41,24.69340981856766
982,42,7.450700182399776
982,34,64.34645745046653
983,40,42.1230763834652
983,41,27.97249230554703
983,42,7.418205091048603
983,34,66.29127375397997
984,40,45.91260319984138
984,41,30.932953839591722
984,42,7.376144736427301
984,34,63.64899448674607
985,40,52.046758801661646
985,41,28.86798910251346
985,42,7.467643212655182
985,34,63.33370708809973
986,40,44.734187558903145
986,41,26.399936012630317
986,42,7.355662078586752
986,34,62.596346229192044

Species 40 with 24 members is stagnated: removing it
987,41,22.07066988607934
987,42,7.333017160332552
987,34,72.35814702881169
988,41,34.5986753127084
988,42,7.271302166301556
988,34,64.00056381594577
989,41,28.0673814648891
989,42,7.419314756946457
989,34,62.9973031343892
990,41,33.06060512556336
990,42,7.388179329882665
990,34,61.56835889411753
991,41,30.215654423156035
991,42,7.478220397855083
991,34,64.95581639145581
992,41,31.838115384353216
992,42,7.4437210483879435
992,34,61.40094495988086
993,41,18.114134069466278
993,42,7.4314844754136935
993,34,58.855889722289696
994,41,25.0181014135437
994,42,7.371284422045005
994,43,None
994,34,56.66160069152957
995,41,22.83988095772911
995,42,7.373974199988606
995,43,4.057533249261336
995,34,67.53494838517584

Species 42 with 29 members is stagnated: removing it
996,41,35.865518129916154
996,34,59.44425570196352
996,43,4.6381780446491865
997,41,34.34720965140787
997,34,65.96182177663782
997,43,7.329877536882736
998,41,19.042556739302068
998,34,59.7972686399589
998,43,7.344117150325893
999,41,29.010346234136055
999,34,60.12388634003784
999,43,7.448270285479916
